50
10
191 267   3   0
377 217  10   0
401 253   5   0
430  44   6   0
287  71   8   1
385 341   6   1
260 223   4   0
223 363   5   1
307 117   9   1
 45 325   3   0
235  80   6   1
266 489   3   1
280 105   3   1
374   3   9   0
210 138  10   0
370 327   8   1
 60 192  10   1
472 371   4   0
107  91   8   1
 49  35   2   0
222 289   7   0
489  82   2   1
342  33   3   1
149 122   9   1
337  87   8   0
 36 372   6   1
 31 414   7   1
231 415   3   1
450  76   7   1
  2  97   4   1
133  86   4   0
211 462  10   0
262  13   7   1
113  41   3   1
467 153  10   0
222 491   4   0
 58 222   2   0
402  25   5   1
448 288   3   1
384 228   2   1
201 435   4   1
418 331   2   0
259 234   7   0
236  52  10   1
121 341   7   1
407 340   6   1
404  31   7   0
427  58  10   1
242 327   7   0
346 222   7   1
