50
7
 77 119   8   0
217 363   4   0
 50 406  10   1
180 189   8   1
489 269  10   0
302  50   3   1
452 326   6   0
298 481   5   0
352  12   2   0
 36 322  10   1
352 234   7   1
 17 424   4   0
447 357   5   1
 56 230  10   1
403   5  10   0
 78 243   4   1
457 383   4   1
407 430  10   0
291 387  10   0
345 100  10   1
 16 430   5   1
177 266   6   0
 10 418   5   0
212 388   4   0
339 147   7   0
453 471  10   0
 65  95   7   1
356 184   4   0
465 476   5   0
 73  79   4   0
 14 480   4   1
191  61   2   1
432  92   3   1
253 394   2   0
103  43   4   1
188 120   8   1
 72 379   4   1
392 426   2   0
  8 370   5   0
158 471   3   0
443 310  10   0
188 324   3   0
385  71   9   1
300  87   4   0
393 399   6   1
 22  32   6   0
128  65   8   1
409 488  10   0
248 411   4   0
393 427   2   1
