40
9
298 421  10   1
146 316   3   1
302  66   4   1
212 294   3   1
415 107   5   1
215 429  10   0
390  44   3   1
 24  90   3   0
414 304   6   0
195 437  10   1
 71 361   8   1
224 104   8   1
147 210   7   1
 37 249   4   1
107  72   2   0
234 439   7   1
274 266  10   1
356  17   9   1
323 127   3   1
327 325   6   0
394 140   4   0
 11 392   9   1
 97 411   3   1
102 195   9   1
 14   1   8   0
478  58   6   0
454 147   5   0
 57  72   8   0
 78 382  10   1
 97 288  10   0
483  34   7   1
 12   9   7   0
327  73   8   0
157  52   5   1
390 281   9   1
 97 275   6   1
154 371   2   1
448 463   7   1
464 213  10   0
 60 138   5   1
