60
11
402 407   2   0
 19 480   7   1
218  27   3   1
 10 300  10   0
437 276   3   1
336 201   8   0
371  65   9   1
159 449   8   1
141 324   3   1
131 499   4   1
335 437  10   1
 18 260   2   1
215 481   8   1
 96 346   9   1
107  46   3   1
323  69   8   1
416  79   6   0
105 308   8   1
  6 313   3   0
436 104   8   0
410 138   9   0
 50 411   8   1
 12 159   4   0
159 101   2   0
243 128   5   0
434 248   6   1
279 447   5   0
335 385   6   0
101 207   4   0
152 461   9   1
 21 466   4   1
 46 490  10   0
 97 275   2   1
418 440   8   1
 53 406   6   1
328 174   4   0
327 150   3   0
 36  16   7   1
246 464   8   0
321 464   3   1
465 469   3   0
 66 443   4   1
 28 227   2   1
 43 480  10   0
462 281   2   1
274 481   8   1
300 400   3   0
260 334   5   0
324 363   4   1
116 204   9   1
226 358   6   0
103 110   4   0
487 455   7   1
447 279  10   0
183 325   2   1
273 195  10   0
 26 264   4   1
493 368   8   0
220 223   4   0
201 389   7   1
