40
8
399 355   7   0
465 411   3   1
167 253   9   1
328 277   3   1
374  51   3   1
444 479  10   0
225 382   2   1
312  86   5   0
137 343   8   0
378 347   9   1
184 423  10   0
379 141   3   0
 59 187   4   1
344 198   7   0
398  36   9   0
337  82   3   0
286  98   6   1
439 131   7   0
 37 115   2   1
332 312   7   1
298 165   5   1
 80  84   5   1
285  58  10   0
  2 375   8   1
478 330   8   1
460 453   7   0
348 168   5   1
214 180   6   1
150 110   7   1
191  11   9   1
 28 179   4   1
 73 479   3   0
393 427   7   0
176 172   4   0
454 283   2   1
273  78   3   1
385 271  10   1
159 180   9   1
 42 341  10   0
 93  44  10   1
