60
12
397 131   5   1
486  72   7   0
321 171  10   0
442 394   9   1
 30 216   8   1
337 307  10   1
 75 467   5   1
 53 196   6   0
 51 201   2   1
247 271   2   1
133  24   4   1
365  55   7   0
364  51   2   1
327 420   5   0
172 401   8   1
396 124   9   1
174 248   3   1
429 213   5   1
318  13   8   0
 98 249   3   0
 75 491   2   0
371 239   9   1
136 220   7   1
 65  70   5   0
186 287   5   1
433 121  10   0
350 271   9   1
149 293   6   0
371 294   7   1
319 486   2   0
 14 439   8   0
191  11   6   0
342 312   9   0
391 146   9   0
290 117   7   1
161 362   2   1
368 298   5   0
 75 498   2   0
463 240   7   1
378 328   3   1
 94 239   4   0
496 375   4   1
 37 289   8   0
347 241   4   1
 70 433  10   1
316 370   7   1
156 479   6   1
  1   4  10   1
108 236   4   0
431 386   7   1
386 169   6   1
412 294   8   1
139  54  10   1
154 232   4   1
420 151   8   1
470 341   7   1
222 219   3   0
161 292   2   1
 66 118  10   1
107 356  10   0
